camera_matrix:
- - 1175.9034674844359
  - 0.0
  - 667.9928812344588
- - 0.0
  - 1182.6151448572423
  - 356.73338620529574
- - 0.0
  - 0.0
  - 1.0
dist_coeff:
- - 0.2408781839779488
  - -1.5734267001176807
  - -0.004266225877895637
  - 0.006860324366508077
  - 2.920148230900737
rms: 1.0018410622824838
